238 1
197 1
130 1
80 1
69 1
159 1
270 1
350 1
209 1
173 1
263 1
33 1
55 1
353 1
8 1
114 1
118 1
132 1
116 1
142 1
328 1
355 1
57 1
22 1
168 1
362 1
187 1
99 1
86 1
185 1
241 1
236 1
193 1
313 1
316 1
138 1
137 1
104 1
37 2
189 2
300 2
78 2
147 2
224 2
269 2
290 2
27 2
220 2
139 2
135 2
327 2
359 2
115 2
119 2
235 2
361 2
176 2
105 2
354 2
162 2
140 2
13 2
379 2
194 2
188 2
314 2
315 2
285 2
284 2
136 2
366 3
122 3
149 3
349 3
153 3
42 3
81 3
296 3
76 3
287 3
342 3
205 3
59 3
257 3
345 3
163 3
11 3
181 3
218 3
212 3
102 3
56 3
108 3
322 3
309 3
2 3
40 3
375 4
363 4
237 4
21 4
253 4
155 4
39 4
306 4
192 4
301 4
148 4
31 4
239 4
129 4
17 4
243 4
171 4
283 4
63 4
54 4
265 4
9 4
100 4
156 4
195 4
383 4
364 5
18 5
120 5
339 5
331 5
50 5
35 5
28 5
244 5
347 5
266 5
323 5
196 5
177 5
286 5
302 5
199 5
167 5
256 5
146 5
3 5
358 5
117 5
229 5
382 5
234 6
385 6
384 6
250 6
152 6
124 6
329 6
74 6
305 6
326 6
91 6
351 6
274 6
221 6
280 6
66 6
6 6
183 6
261 6
111 6
230 6
96 6
360 6
141 6
75 7
348 7
232 7
49 7
310 7
245 7
45 7
341 7
58 7
344 7
184 7
166 7
107 7
317 7
53 7
134 7
113 7
357 7
246 8
295 8
77 8
90 8
60 8
312 8
320 8
343 8
207 8
109 8
288 8
219 8
346 8
268 8
213 8
106 8
174 8
186 8
44 8
381 8
367 9
87 9
356 9
247 9
126 9
330 9
70 9
34 9
318 9
43 9
92 9
190 9
182 9
271 9
12 9
222 9
150 9
67 9
267 9
289 9
165 9
157 9
380 9
371 10
89 10
46 10
191 10
178 10
201 10
311 10
144 10
321 10
72 10
206 10
23 10
333 10
336 10
175 10
94 10
352 10
64 10
7 10
211 10
112 10
252 11
84 11
151 11
20 11
16 11
154 11
38 11
292 11
225 11
98 11
79 11
32 11
203 11
62 11
276 11
216 11
282 11
264 11
131 11
338 11
170 11
133 11
125 12
145 12
255 12
260 12
334 12
95 12
179 12
299 12
215 12
73 12
337 12
65 12
279 12
273 12
226 12
160 12
110 12
52 12
14 12
85 12
368 13
308 13
223 13
88 13
47 13
71 13
248 13
29 13
172 13
262 13
68 13
51 13
208 13
1 13
158 13
373 14
340 14
251 14
83 14
180 14
325 14
97 14
4 14
275 14
214 14
281 14
277 14
24 14
61 14
369 15
30 15
378 15
319 15
127 15
249 15
304 15
48 15
297 15
15 15
26 15
210 15
365 16
19 16
228 16
121 16
204 16
231 16
101 16
324 16
303 16
36 16
10 16
291 16
370 17
128 17
259 17
254 17
41 17
5 17
143 17
332 17
298 17
272 17
202 17
161 17
25 17
278 17
335 17
200 17
233 18
377 18
376 18
82 18
258 18
227 18
164 18
307 18
294 19
242 19
93 19
198 19
169 19
372 20
374 20
293 21
123 21
103 21
240 22
217 22
