1 1
3 1
26 1
40 1
44 1
62 1
104 1
105 1
109 1
132 1
134 1
137 1
138 1
140 1
146 1
159 1
168 1
173 1
185 1
187 1
193 1
205 1
223 1
236 1
241 1
262 1
285 1
309 1
336 1
352 1
355 1
2 2
11 2
22 2
49 2
52 2
99 2
126 2
136 2
139 2
142 2
160 2
161 2
188 2
194 2
208 2
229 2
231 2
235 2
265 2
284 2
313 2
315 2
316 2
332 2
359 2
362 2
13 3
81 3
85 3
95 3
116 3
145 3
165 3
179 3
210 3
227 3
244 3
294 3
314 3
317 3
347 3
354 3
357 3
379 3
14 4
33 4
107 4
112 4
133 4
141 4
147 4
162 4
190 4
204 4
209 4
225 4
245 4
338 4
348 4
353 4
382 4
9 5
17 5
21 5
31 5
93 5
113 5
129 5
157 5
171 5
192 5
195 5
197 5
211 5
239 5
243 5
360 5
361 5
383 5
4 6
41 6
46 6
106 6
154 6
176 6
201 6
320 6
333 6
335 6
380 6
7 7
28 7
86 7
90 7
102 7
114 7
149 7
156 7
198 7
220 7
255 7
258 7
286 7
10 8
45 8
70 8
76 8
259 8
269 8
290 8
310 8
324 8
328 8
358 8
381 8
64 9
83 9
92 9
118 9
144 9
182 9
224 9
232 9
251 9
318 9
15 10
30 10
48 10
69 10
96 10
117 10
127 10
186 10
214 10
238 10
249 10
270 10
297 10
304 10
326 10
378 10
38 11
50 11
57 11
122 11
158 11
183 11
191 11
299 11
321 11
337 11
12 12
35 12
77 12
213 12
219 12
246 12
256 12
276 12
282 12
323 12
327 12
331 12
8 13
27 13
94 13
119 13
143 13
202 13
230 13
250 13
272 13
278 13
292 13
312 13
329 13
5 14
23 14
29 14
61 14
89 14
100 14
115 14
135 14
164 14
254 14
275 14
277 14
281 14
311 14
6 15
39 15
54 15
66 15
111 15
153 15
207 15
218 15
261 15
293 15
24 16
37 16
97 16
178 16
222 16
301 16
307 16
345 16
16 17
19 17
36 17
80 17
217 17
268 17
303 17
365 17
364 18
366 18
367 18
368 18
369 18
376 18
377 18
34 19
108 19
151 19
174 19
180 19
212 19
257 19
296 19
349 19
74 20
103 20
121 20
172 20
181 20
291 20
341 20
344 20
123 21
166 21
184 21
319 21
363 21
373 21
43 22
56 22
110 22
267 22
351 22
372 22
384 22
42 23
55 23
60 23
175 23
226 23
247 23
288 23
343 23
346 23
356 23
53 24
79 24
163 24
189 24
196 24
242 24
252 24
385 24
25 25
65 25
125 25
150 25
177 25
240 25
273 25
279 25
306 25
63 26
78 26
91 26
101 26
155 26
237 26
283 26
322 26
370 27
371 27
374 27
375 27
59 28
221 28
228 28
287 28
308 28
325 28
342 28
18 29
58 29
67 29
87 29
170 29
339 29
68 30
98 30
130 30
248 30
264 30
305 30
84 31
152 31
199 31
263 31
298 31
350 31
47 32
51 32
88 32
131 32
200 32
203 32
216 32
266 32
73 33
148 33
169 33
271 33
289 33
302 33
340 33
20 34
124 34
234 34
274 34
280 34
120 35
167 35
260 35
300 35
75 36
206 36
82 37
233 37
295 37
253 38
128 39
215 39
32 40
330 40
334 41
71 42
72 43
