1 1
13 1
40 1
51 1
68 1
71 1
104 1
105 1
130 1
132 1
134 1
137 1
138 1
141 1
142 1
158 1
172 1
181 1
185 1
187 1
189 1
193 1
208 1
236 1
241 1
248 1
262 1
285 1
290 1
328 1
353 1
355 1
357 1
362 1
368 1
2 2
14 2
22 2
27 2
64 2
72 2
95 2
99 2
133 2
136 2
139 2
147 2
162 2
168 2
188 2
191 2
194 2
211 2
227 2
231 2
235 2
261 2
284 2
309 2
314 2
315 2
316 2
333 2
359 2
361 2
11 3
44 3
55 3
76 3
81 3
85 3
100 3
108 3
140 3
149 3
157 3
171 3
212 3
265 3
269 3
296 3
313 3
317 3
349 3
354 3
379 3
12 4
34 4
43 4
67 4
70 4
87 4
92 4
114 4
116 4
118 4
126 4
150 4
165 4
182 4
190 4
222 4
247 4
267 4
271 4
289 4
318 4
330 4
356 4
367 4
380 4
5 5
25 5
41 5
45 5
49 5
106 5
128 5
143 5
161 5
174 5
200 5
202 5
210 5
254 5
259 5
278 5
298 5
310 5
320 5
332 5
335 5
350 5
370 5
381 5
9 6
17 6
21 6
31 6
33 6
39 6
63 6
135 6
155 6
156 6
192 6
195 6
237 6
239 6
253 6
283 6
301 6
306 6
363 6
375 6
382 6
3 7
18 7
28 7
35 7
50 7
107 7
120 7
146 7
167 7
177 7
196 7
198 7
199 7
244 7
256 7
266 7
286 7
294 7
302 7
323 7
327 7
331 7
339 7
347 7
364 7
383 7
16 8
20 8
32 8
38 8
53 8
62 8
79 8
84 8
86 8
98 8
131 8
151 8
154 8
170 8
176 8
203 8
216 8
225 8
252 8
264 8
276 8
282 8
293 8
338 8
374 8
56 9
65 9
73 9
90 9
110 9
125 9
145 9
160 9
179 9
184 9
207 9
215 9
255 9
257 9
273 9
279 9
299 9
322 9
334 9
337 9
372 9
10 10
19 10
36 10
58 10
75 10
80 10
101 10
112 10
121 10
166 10
204 10
232 10
245 10
303 10
324 10
341 10
344 10
348 10
365 10
6 11
66 11
74 11
91 11
96 11
111 11
124 11
152 11
183 11
186 11
221 11
230 11
234 11
250 11
274 11
280 11
305 11
326 11
329 11
351 11
360 11
385 11
37 12
57 12
78 12
83 12
93 12
115 12
117 12
119 12
169 12
180 12
217 12
220 12
224 12
251 12
275 12
277 12
281 12
300 12
325 12
340 12
373 12
8 13
15 13
30 13
48 13
54 13
127 13
159 13
173 13
201 13
209 13
214 13
229 13
249 13
304 13
358 13
378 13
60 14
77 14
82 14
103 14
109 14
164 14
213 14
219 14
226 14
233 14
246 14
258 14
268 14
288 14
295 14
307 14
343 14
346 14
376 14
377 14
7 15
23 15
46 15
89 15
94 15
113 15
144 15
175 15
178 15
206 15
311 15
321 15
336 15
352 15
371 15
42 16
59 16
102 16
122 16
153 16
205 16
218 16
242 16
292 16
342 16
345 16
4 17
52 17
69 17
129 17
148 17
163 17
197 17
238 17
240 17
263 17
270 17
29 18
47 18
88 18
97 18
272 18
308 18
319 18
26 19
223 19
287 19
297 19
366 19
61 20
123 20
228 20
243 20
24 21
260 21
291 21
312 21
369 22
384 23
