2 1
11 1
22 1
40 1
68 1
100 1
104 1
132 1
134 1
137 1
138 1
139 1
140 1
150 1
158 1
165 1
181 1
185 1
191 1
193 1
208 1
236 1
241 1
269 1
285 1
290 1
337 1
339 1
353 1
355 1
358 1
361 1
362 1
1 2
10 2
28 2
37 2
44 2
69 2
105 2
114 2
116 2
127 2
136 2
141 2
146 2
159 2
176 2
187 2
194 2
197 2
209 2
229 2
235 2
237 2
254 2
265 2
270 2
284 2
309 2
313 2
315 2
316 2
328 2
357 2
13 3
17 3
27 3
58 3
85 3
99 3
112 3
126 3
147 3
162 3
171 3
188 3
220 3
230 3
231 3
291 3
314 3
341 3
344 3
354 3
359 3
379 3
16 4
20 4
32 4
38 4
53 4
62 4
79 4
84 4
98 4
131 4
133 4
135 4
151 4
154 4
170 4
203 4
216 4
225 4
252 4
264 4
276 4
282 4
293 4
338 4
374 4
382 4
12 5
33 5
67 5
70 5
87 5
115 5
117 5
119 5
157 5
168 5
182 5
190 5
222 5
247 5
267 5
271 5
289 5
318 5
330 5
356 5
367 5
380 5
5 6
25 6
41 6
45 6
49 6
106 6
128 6
143 6
161 6
174 6
200 6
202 6
210 6
259 6
278 6
298 6
310 6
320 6
332 6
335 6
350 6
370 6
381 6
7 7
23 7
46 7
64 7
72 7
89 7
94 7
113 7
144 7
175 7
178 7
201 7
206 7
211 7
232 7
311 7
321 7
333 7
336 7
352 7
371 7
383 7
3 8
55 8
73 8
86 8
90 8
95 8
110 8
125 8
145 8
179 8
184 8
207 8
215 8
227 8
255 8
260 8
299 8
312 8
317 8
334 8
372 8
14 9
19 9
43 9
75 9
118 9
149 9
156 9
166 9
186 9
245 9
258 9
268 9
288 9
343 9
346 9
348 9
8 10
21 10
31 10
39 10
54 10
63 10
129 10
148 10
155 10
192 10
195 10
238 10
240 10
243 10
253 10
283 10
301 10
306 10
363 10
375 10
6 11
66 11
74 11
91 11
96 11
111 11
124 11
152 11
183 11
221 11
234 11
250 11
261 11
274 11
280 11
305 11
326 11
329 11
351 11
360 11
384 11
385 11
18 12
35 12
50 12
107 12
120 12
167 12
177 12
196 12
198 12
199 12
244 12
256 12
266 12
286 12
294 12
302 12
323 12
327 12
331 12
347 12
364 12
4 13
24 13
57 13
78 13
83 13
97 13
123 13
169 13
180 13
217 13
224 13
251 13
275 13
277 13
281 13
300 13
325 13
340 13
373 13
29 14
47 14
51 14
71 14
88 14
93 14
130 14
142 14
172 14
189 14
223 14
248 14
262 14
292 14
308 14
368 14
42 15
59 15
76 15
81 15
102 15
108 15
122 15
153 15
163 15
205 15
212 15
218 15
242 15
257 15
287 15
296 15
322 15
342 15
345 15
349 15
366 15
60 16
77 16
82 16
103 16
109 16
164 16
213 16
219 16
226 16
233 16
246 16
295 16
307 16
376 16
377 16
15 17
26 17
48 17
52 17
65 17
160 17
214 17
239 17
249 17
263 17
273 17
279 17
297 17
304 17
319 17
36 18
80 18
101 18
121 18
204 18
228 18
303 18
324 18
365 18
9 19
30 19
173 19
369 19
378 19
34 20
61 20
92 20
56 21
272 21
