1 1
13 1
40 1
51 1
68 1
71 1
104 1
105 1
130 1
132 1
134 1
137 1
138 1
141 1
142 1
158 1
172 1
181 1
185 1
187 1
189 1
193 1
208 1
236 1
241 1
248 1
262 1
285 1
290 1
328 1
353 1
355 1
357 1
362 1
368 1
2 2
14 2
22 2
27 2
64 2
72 2
95 2
99 2
133 2
136 2
139 2
147 2
162 2
168 2
188 2
191 2
194 2
211 2
227 2
231 2
235 2
261 2
284 2
309 2
314 2
315 2
316 2
333 2
359 2
361 2
11 3
54 3
67 3
70 3
85 3
87 3
114 3
116 3
126 3
157 3
165 3
183 3
186 3
190 3
265 3
267 3
289 3
330 3
354 3
356 3
379 3
5 4
25 4
41 4
44 4
45 4
49 4
106 4
128 4
143 4
161 4
174 4
200 4
202 4
210 4
254 4
259 4
278 4
298 4
310 4
313 4
320 4
332 4
335 4
350 4
370 4
381 4
9 5
17 5
21 5
31 5
33 5
39 5
100 5
112 5
135 5
156 5
171 5
192 5
195 5
197 5
209 5
237 5
239 5
253 5
306 5
382 5
16 6
20 6
32 6
38 6
53 6
62 6
79 6
84 6
98 6
131 6
151 6
154 6
170 6
176 6
203 6
216 6
225 6
252 6
264 6
276 6
282 6
293 6
338 6
374 6
383 6
18 7
28 7
50 7
107 7
120 7
146 7
167 7
177 7
196 7
198 7
199 7
244 7
256 7
266 7
286 7
294 7
302 7
323 7
327 7
331 7
347 7
364 7
380 7
3 8
55 8
73 8
86 8
90 8
110 8
125 8
145 8
179 8
184 8
207 8
215 8
255 8
260 8
299 8
312 8
317 8
334 8
337 8
372 8
10 9
19 9
36 9
58 9
75 9
80 9
101 9
113 9
121 9
166 9
204 9
232 9
245 9
303 9
324 9
341 9
344 9
348 9
365 9
6 10
66 10
74 10
96 10
111 10
124 10
140 10
152 10
182 10
230 10
250 10
274 10
280 10
326 10
329 10
351 10
360 10
384 10
385 10
37 11
57 11
78 11
83 11
93 11
115 11
117 11
119 11
169 11
180 11
217 11
220 11
224 11
251 11
275 11
277 11
281 11
300 11
325 11
340 11
373 11
8 12
42 12
59 12
76 12
81 12
102 12
108 12
122 12
149 12
153 12
163 12
205 12
212 12
218 12
242 12
257 12
287 12
296 12
342 12
345 12
349 12
366 12
15 13
60 13
77 13
82 13
103 13
109 13
213 13
219 13
226 13
233 13
258 13
268 13
288 13
343 13
346 13
377 13
7 14
23 14
46 14
89 14
94 14
144 14
175 14
178 14
201 14
206 14
311 14
321 14
336 14
352 14
358 14
371 14
12 15
26 15
30 15
52 15
69 15
118 15
159 15
214 15
240 15
263 15
270 15
297 15
369 15
378 15
4 16
63 16
129 16
148 16
155 16
229 16
238 16
243 16
283 16
301 16
363 16
375 16
43 17
65 17
88 17
92 17
150 17
160 17
247 17
273 17
279 17
318 17
24 18
29 18
47 18
173 18
223 18
269 18
271 18
292 18
97 19
222 19
246 19
272 19
295 19
307 19
319 19
34 20
56 20
249 20
291 20
305 20
322 20
35 21
61 21
221 21
228 21
308 21
48 22
127 22
164 22
304 22
234 23
376 23
91 24
339 24
367 25
123 26
